Suchwort: token

d01: 0.03112429373378148
d02: 0.03846007533556082
d03: 0.03439791217531727
d04: 0.06837034945064978
d05: 0.0
d06: 0.0
d07: 0.0
d08: 0.00231925012757684


Suchwort: index

d01: 0.0
d02: 0.0
d03: 0.0
d04: 0.15474713803461182
d05: 0.06614073656065873
d06: 0.0
d07: 0.0
d08: 0.004839937882669407


Suchwort: classification

d01: 0.0
d02: 0.0
d03: 0.0
d04: 0.0
d05: 0.0
d06: 0.06492622083704312
d07: 0.060411520804323646
d08: 0.004839937882669407


Suchwort: classification, token

d01: 0.03112429373378148
d02: 0.03846007533556082
d03: 0.03439791217531727
d04: 0.06837034945064978
d05: 0.0
d06: 0.00989606474093498
d07: 0.0085676519645541
d08: 0.002353576118191174


