Suchwort: token

d01: 0.031140856774395202
d02: 0.03782341969469127
d03: 0.03331439677287726
d04: 0.0674361001749996
d05: 0.0
d06: 0.0
d07: 0.0
d08: 0.0023838038549791668


Suchwort: index

d01: 0.0
d02: 0.0
d03: 0.0
d04: 0.15263258980165115
d05: 0.06498644135406392
d06: 0.0
d07: 0.0
d08: 0.004974652128022696


Suchwort: classification

d01: 0.0
d02: 0.0
d03: 0.0
d04: 0.0
d05: 0.0
d06: 0.0604090817955079
d07: 0.0604090817955079
d08: 0.004974652128022696


Suchwort: classification, token

d01: 0.031140856774395202
d02: 0.03782341969469127
d03: 0.03331439677287726
d04: 0.0674361001749996
d05: 0.0
d06: 0.008566960170784888
d07: 0.008566960170784888
d08: 0.0024200672897284462


