d01: 0.11726211547851562
d02: 0.1254466654459635
d03: 0.1254466654459635
d04: 0.2236612650553385
d05: 0.11726211547851562
d06: 0.14181576538085933
d07: 0.14181576538085933
d08: 0.007289642333984376
