d01: 0.11719974670057247
d02: 0.1275582229896527
d03: 0.12952668511800217
d04: 0.2267598335420497
d05: 0.11934493606372919
d06: 0.1524201564999893
d07: 0.14182149117393042
d08: 0.007092237844053051
