Suchwort: token

d01: 0.26556622014976977
d02: 0.30150996489407533
d03: 0.26556622014976977
d04: 0.30150996489407533
d05: 0.0
d06: 0.0
d07: 0.0
d08: 0.32701245764361475


Suchwort: index

d01: 0.0
d02: 0.0
d03: 0.0
d04: 0.6824274635301139
d05: 0.5541980979011975
d06: 0.0
d07: 0.0
d08: 0.6824274635301139


Suchwort: classification

d01: 0.0
d02: 0.0
d03: 0.0
d04: 0.0
d05: 0.0
d06: 0.4259687322722811
d07: 0.4259687322722811
d08: 0.6824274635301139


Suchwort: classification, token

d01: 0.26556622014976977
d02: 0.30150996489407533
d03: 0.26556622014976977
d04: 0.30150996489407533
d05: 0.0
d06: 0.4259687322722811
d07: 0.4259687322722811
d08: 1.0094399211737286


